0.0 1.0 0.0 0.0 0.0 0.0 0.5 0.0 0.0 0.0 0.0 0.0 0.5 0.0 0.0 0.0 0.0 1.0 0.0 
1.0 0.0 0.0 0.0 0.0 0.0 0.0 0.0 0.0 0.0 0.0 0.0 0.0 0.0 0.0 0.0 0.0 0.0 0.0 
0.0 0.0 0.0 0.0 0.0 0.0 0.0 0.0 0.0 0.0 0.0 0.0 0.0 0.0 0.0 0.0 0.0 0.0 0.0 
0.0 0.0 0.0 0.0 0.0 0.0 0.0 0.0 0.0 0.0 24.0 0.0 0.0 0.0 0.0 0.0 0.0 0.0 0.0 
0.0 0.0 0.0 0.0 0.0 0.0 0.0 0.5 0.0 0.7 0.0 0.0 0.0 0.2 0.0 0.2 0.0 0.7 0.7 
0.0 0.0 0.0 0.0 0.0 0.0 0.0 0.0 0.0 0.0 0.0 0.0 0.0 0.0 0.0 0.0 0.0 2.0 0.0 
0.5 0.0 0.0 0.0 0.0 0.0 0.0 0.0 0.0 0.0 0.0 0.0 3.5 0.0 0.0 0.0 0.0 1.0 0.0 
0.0 0.0 0.0 0.0 0.5 0.0 0.0 0.0 0.0 1.16667 0.0 0.0 0.0 0.333333 0.0 0.5 0.0 2.33333 1.16667 
0.0 0.0 0.0 0.0 0.0 0.0 0.0 0.0 0.0 0.0 0.0 0.0 0.0 0.0 0.0 0.0 0.0 0.0 0.0 
0.0 0.0 0.0 0.0 0.7 0.0 0.0 1.16667 0.0 0.0 0.0 0.0 0.0 0.533333 0.0 0.2 0.0 2.53333 2.86667 
0.0 0.0 0.0 24.0 0.0 0.0 0.0 0.0 0.0 0.0 0.0 0.0 0.0 0.0 0.0 0.0 0.0 0.0 0.0 
0.0 0.0 0.0 0.0 0.0 0.0 0.0 0.0 0.0 0.0 0.0 0.0 0.0 0.0 0.0 0.0 0.0 3.0 0.0 
0.5 0.0 0.0 0.0 0.0 0.0 3.5 0.0 0.0 0.0 0.0 0.0 0.0 0.0 0.0 0.0 0.0 0.0 0.0 
0.0 0.0 0.0 0.0 0.2 0.0 0.0 0.333333 0.0 0.533333 0.0 0.0 0.0 0.0 0.0 0.2 0.0 10.2 0.533333 
0.0 0.0 0.0 0.0 0.0 0.0 0.0 0.0 0.0 0.0 0.0 0.0 0.0 0.0 0.0 0.0 0.0 0.0 0.0 
0.0 0.0 0.0 0.0 0.2 0.0 0.0 0.5 0.0 0.2 0.0 0.0 0.0 0.2 0.0 0.0 0.0 12.7 0.2 
0.0 0.0 0.0 0.0 0.0 0.0 0.0 0.0 0.0 0.0 0.0 0.0 0.0 0.0 0.0 0.0 0.0 2.0 0.0 
1.0 0.0 0.0 0.0 0.7 2.0 1.0 2.33333 0.0 2.53333 0.0 3.0 0.0 10.2 0.0 12.7 2.0 0.0 1.53333 
0.0 0.0 0.0 0.0 0.7 0.0 0.0 1.16667 0.0 2.86667 0.0 0.0 0.0 0.533333 0.0 0.2 0.0 1.53333 0.0 
