0.0 0.333333 0.0 0.0 0.0 0.0 0.166667 0.0 0.0 0.0 0.0 0.0 0.166667 0.0 0.0 0.0 0.0 0.333333 0.0 
1.0 0.0 0.0 0.0 0.0 0.0 0.0 0.0 0.0 0.0 0.0 0.0 0.0 0.0 0.0 0.0 0.0 0.0 0.0 
0.0 0.0 0.0 0.0 0.0 0.0 0.0 0.0 0.0 0.0 0.0 0.0 0.0 0.0 0.0 0.0 0.0 0.0 0.0 
0.0 0.0 0.0 0.0 0.0 0.0 0.0 0.0 0.0 0.0 1.0 0.0 0.0 0.0 0.0 0.0 0.0 0.0 0.0 
0.0 0.0 0.0 0.0 0.0 0.0 0.0 0.166667 0.0 0.233333 0.0 0.0 0.0 0.0666667 0.0 0.0666667 0.0 0.233333 0.233333 
0.0 0.0 0.0 0.0 0.0 0.0 0.0 0.0 0.0 0.0 0.0 0.0 0.0 0.0 0.0 0.0 0.0 1.0 0.0 
0.1 0.0 0.0 0.0 0.0 0.0 0.0 0.0 0.0 0.0 0.0 0.0 0.7 0.0 0.0 0.0 0.0 0.2 0.0 
0.0 0.0 0.0 0.0 0.0833333 0.0 0.0 0.0 0.0 0.194444 0.0 0.0 0.0 0.0555556 0.0 0.0833333 0.0 0.388889 0.194444 
0.0 0.0 0.0 0.0 0.0 0.0 0.0 0.0 0.0 0.0 0.0 0.0 0.0 0.0 0.0 0.0 0.0 0.0 0.0 
0.0 0.0 0.0 0.0 0.0875 0.0 0.0 0.145833 0.0 0.0 0.0 0.0 0.0 0.0666667 0.0 0.025 0.0 0.316667 0.358333 
0.0 0.0 0.0 1.0 0.0 0.0 0.0 0.0 0.0 0.0 0.0 0.0 0.0 0.0 0.0 0.0 0.0 0.0 0.0 
0.0 0.0 0.0 0.0 0.0 0.0 0.0 0.0 0.0 0.0 0.0 0.0 0.0 0.0 0.0 0.0 0.0 1.0 0.0 
0.125 0.0 0.0 0.0 0.0 0.0 0.875 0.0 0.0 0.0 0.0 0.0 0.0 0.0 0.0 0.0 0.0 0.0 0.0 
0.0 0.0 0.0 0.0 0.0166667 0.0 0.0 0.0277778 0.0 0.0444444 0.0 0.0 0.0 0.0 0.0 0.0166667 0.0 0.85 0.0444444 
0.0 0.0 0.0 0.0 0.0 0.0 0.0 0.0 0.0 0.0 0.0 0.0 0.0 0.0 0.0 0.0 0.0 0.0 0.0 
0.0 0.0 0.0 0.0 0.0142857 0.0 0.0 0.0357143 0.0 0.0142857 0.0 0.0 0.0 0.0142857 0.0 0.0 0.0 0.907143 0.0142857 
0.0 0.0 0.0 0.0 0.0 0.0 0.0 0.0 0.0 0.0 0.0 0.0 0.0 0.0 0.0 0.0 0.0 1.0 0.0 
0.025641 0.0 0.0 0.0 0.0179487 0.0512821 0.025641 0.0598291 0.0 0.0649573 0.0 0.0769231 0.0 0.261538 0.0 0.325641 0.0512821 0.0 0.0393162 
0.0 0.0 0.0 0.0 0.1 0.0 0.0 0.166667 0.0 0.409524 0.0 0.0 0.0 0.0761905 0.0 0.0285714 0.0 0.219048 0.0 
